) 011110100
; 01100010
M 011000001
- 011110101
v 01111011
b 0100010
S 0100011
. 1011110
f 0111100
m 01001
A 011000000
p 010000
d 01110
h 10110
c 10101
s 1001
" 01100011
g 011111
i 1101
y 101110
r 10100
u 01101
t 1110
N 011000010
space 00
n 1100
, 011001
l 01010
a 1000
x 011000011
I 1011111
w 01011
o 1111
----------------------------------------
011000010 1111 01011 011001 00 1100 1000 1110 01101 10100 1000 01010 01010 101110 011001 00 1101 1100 00 01011 10100 1101 1110 1101 1100 011111 00 1001 01101 10101 10110 00 1000 00 1001 1110 1111 10100 101110 00 1000 1001 00 1110 10110 1101 1001 011001 00 01011 1101 1110 10110 00 1101 1110 1001 00 10101 1111 1100 01110 1101 1110 1101 1111 1100 1001 00 1000 1001 00 01010 1000 1101 01110 00 01110 1111 01011 1100 00 1101 1100 00 1101 1110 1001 00 1011111 1100 1110 10100 1111 01110 01101 10101 1110 1101 1111 1100 011001 00 1101 1110 00 1101 1001 00 1100 1111 1110 00 1001 01101 10100 010000 10100 1101 1001 1101 1100 011111 00 1110 10110 1000 1110 00 1000 1100 00 1111 10101 10101 1000 1001 1101 1111 1100 1000 01010 00 01100011 10100 1111 01101 011111 10110 00 1001 010000 1111 1110 01100011 00 1101 1100 00 10101 1111 01001 010000 1111 1001 1101 1110 1101 1111 1100 00 1101 1001 00 0111100 1111 01101 1100 01110 1011110 00 0100011 1111 00 1011111 00 1110 10100 01101 1001 1110 00 1110 10110 1000 1110 00 1000 00 10101 10100 1101 1110 1101 10101 1000 01010 00 010000 01101 0100010 01010 1101 10101 00 01011 1101 01010 01010 00 10110 1111 01010 01110 00 10101 1111 1100 1001 1110 1000 1100 1110 01010 101110 00 1101 1100 00 01001 1101 1100 01110 00 1110 10110 1000 1110 00 1011111 00 1000 01001 00 01111011 1111 01010 01101 1100 1110 1000 10100 1101 01010 101110 00 1000 01111011 1111 1101 01110 1101 1100 011111 00 01011 1111 10100 01110 1001 00 10101 1111 1100 1110 1000 1101 1100 1101 1100 011111 00 1110 10110 1000 1110 00 1001 101110 01001 0100010 1111 01010 00 01011 10110 1101 10101 10110 00 1101 1001 011001 00 0100010 101110 00 0111100 1000 10100 011001 00 1111 0111100 00 01001 1111 1001 1110 00 10101 1111 01001 01001 1111 1100 00 1101 1100 10101 01010 01101 1001 1101 1111 1100 00 1101 1100 00 01011 10100 1101 1110 1101 1100 011111 00 1111 01101 10100 00 011000000 1100 011111 01010 1111 011110101 0100011 1000 011000011 1111 1100 00 1000 1001 00 1101 1110 00 1101 1001 011001 00 1110 1111 01110 1000 101110 1011110 00 011000001 1000 1100 101110 00 1111 0111100 00 1111 01101 10100 00 01001 1111 1001 1110 00 10101 1111 01001 01001 1111 1100 00 01011 1111 10100 01110 1001 00 10101 1000 1100 1100 1111 1110 00 1001 10110 1111 01011 01100010 00 1001 1111 00 1011111 00 01001 01101 1001 1110 00 1000 01110 1111 010000 1110 00 1001 101110 1100 1111 1100 101110 01001 1001 01100010 00 1000 1100 01110 00 1001 1111 00 1110 01011 1101 1001 1110 00 1000 00 1110 10110 1111 01101 011111 10110 1110 00 1000 10100 1111 01101 1100 01110 00 1000 1001 00 1110 1111 00 1001 1000 101110 00 01011 10110 1000 1110 00 1011111 00 01011 1101 1001 10110 00 01011 1101 1110 10110 00 1000 1001 00 01001 01101 10101 10110 00 10101 01010 1000 10100 1101 1110 101110 00 1000 1001 00 1011111 00 10101 1000 1100 1011110 011110100 00 0100011 1111 011001 00 1100 1111 01011 00 1110 1111 00 011111 1111 00 1111 1100 00 01011 1101 1110 10110 00 1110 10110 1101 1001 00 1111 01110 01110 00 10101 1111 1100 1110 10100 1000 010000 1110 1101 1111 1100 1011110 1011110 1011110 
----------------------------------------
The Compression ratio is: 1.91079
The Huffman tree costs 4.18676 bits per character.
